0:
- cam_R_m2c: [0.4942324386459145, 0.281692843673849, -0.8224253391117353, 0.6686689330116126, -0.7277387162132662, 0.1525720123396783, -0.5555323164454282, -0.6253363117133112, -0.5480313336275293]
  cam_t_m2c: [-0.12169150688908095, -0.11510624994769574, 0.36855364037963456]
  obj_bb: [0, 0, 350, 150]
  obj_id: 1 
1:
- cam_R_m2c: [0.4827670909511022, 0.27851330556258014, -0.8302808407516206, 0.6601023050335026, -0.7387611766784057, 0.1360032011468726, -0.5755005497686937, -0.6137281665830107, -0.5404968591570055]
  cam_t_m2c: [-0.12169150688908095, -0.11510624994769574, 0.36855364037963456]
  obj_bb: [0, 0, 359, 174]
  obj_id: 1 
2:
- cam_R_m2c: [0.47018772346058857, 0.2702986163572294, -0.8401560347354041, 0.6462720725577483, -0.7537422826916454, 0.11918464462631427, -0.6010456829051034, -0.5990085385686549, -0.5290868149774504]
  cam_t_m2c: [-0.12169150688908095, -0.11510624994769574, 0.36855364037963456]
  obj_bb: [0, 19, 370, 188]
  obj_id: 1 
3:
- cam_R_m2c: [0.45983503465599196, 0.26755239059328356, -0.8467393100540128, 0.6413208616238697, -0.7595964897054996, 0.10826229848429049, -0.6142143708420883, -0.5928143816700997, -0.5208760078331083]
  cam_t_m2c: [-0.12169150688908095, -0.11510624994769574, 0.36855364037963456]
  obj_bb: [0, 32, 379, 187]
  obj_id: 1 
4:
- cam_R_m2c: [0.4685950112809274, 0.2429603222768659, -0.8493462175118884, 0.5856554810271479, -0.8052335296320715, 0.09277187234898603, -0.6613821686026083, -0.5408967041454381, -0.5196194593152897]
  cam_t_m2c: [-0.12169150688908095, -0.11510624994769574, 0.36855364037963456]
  obj_bb: [0, 54, 379, 183]
  obj_id: 1 
5:
- cam_R_m2c: [0.4533026769374371, 0.22693003290586, -0.8619857558258732, 0.5669187100373851, -0.8196474345041682, 0.08234840205058973, -0.6878370877547266, -0.5260046038544556, -0.5001992577293725]
  cam_t_m2c: [-0.12169150688908095, -0.11510624994769574, 0.36855364037963456]
  obj_bb: [0, 67, 387, 185]
  obj_id: 1 
6:
- cam_R_m2c: [0.4533208020200083, 0.16198814898082362, -0.8765044723478054, 0.5066606015768484, -0.8558660777794059, 0.10386670167230747, -0.7333452701597831, -0.49117521974979983, -0.4700549098116228]
  cam_t_m2c: [-0.12169150688908095, -0.11510624994769574, 0.36855364037963456]
  obj_bb: [0, 82, 386, 193]
  obj_id: 1 
7:
- cam_R_m2c: [0.4252875427953395, 0.2674084941460357, -0.8646520706050813, 0.5985520971431694, -0.7996990535251127, 0.047083020257346196, -0.6788710429445478, -0.537563132152485, -0.5001599604144602]
  cam_t_m2c: [-0.12169150688908095, -0.11510624994769574, 0.36855364037963456]
  obj_bb: [0, 40, 403, 206]
  obj_id: 1 
8:
- cam_R_m2c: [0.4053613827162469, 0.251093670302756, -0.8789960853930272, 0.5887620224132895, -0.8072704284320082, 0.04091132291938963, -0.6993149722165158, -0.5341033833567168, -0.4750706742377615]
  cam_t_m2c: [-0.12169150688908095, -0.11510624994769574, 0.36855364037963456]
  obj_bb: [0, 40, 407, 204]
  obj_id: 1 
9:
- cam_R_m2c: [0.3794644343204568, 0.2734422569786581, -0.8838755993827853, 0.6079047899612228, -0.7938607579073279, 0.015390367019818848, -0.6974657765281811, -0.5431523075098009, -0.46746878122364643]
  cam_t_m2c: [-0.12169150688908095, -0.11510624994769574, 0.36855364037963456]
  obj_bb: [0, 26, 419, 208]
  obj_id: 1 
10:
- cam_R_m2c: [0.37336851856548176, 0.24680975986898893, -0.89424878628804, 0.595082438941989, -0.8032185434037682, 0.026774286081713082, -0.7116690524443743, -0.5421484242951772, -0.4467686714925127]
  cam_t_m2c: [-0.12169150688908095, -0.11510624994769574, 0.36855364037963456]
  obj_bb: [0, 37, 420, 203]
  obj_id: 1 
11:
- cam_R_m2c: [0.3632265228545599, 0.2525557035335027, -0.896817768394275, 0.6112121968809346, -0.7910789738762294, 0.02477312000771808, -0.7031970872230429, -0.5571442126627832, -0.44170599137593736]
  cam_t_m2c: [-0.12169150688908095, -0.11510624994769574, 0.36855364037963456]
  obj_bb: [0, 40, 433, 206]
  obj_id: 1 
12:
- cam_R_m2c: [0.33003323572161986, 0.25741194490966895, -0.9081944472066233, 0.6245029045980462, -0.781002554816939, 0.005579562529565866, -0.7078659374964482, -0.5690115112958947, -0.4185113075474051]
  cam_t_m2c: [-0.12169150688908095, -0.11510624994769574, 0.36855364037963456]
  obj_bb: [0, 34, 451, 208]
  obj_id: 1 
13:
- cam_R_m2c: [0.31221784946475684, 0.26310247831313616, -0.9128510833542842, 0.6343722692095104, -0.7730057523081908, -0.005825028448655896, -0.7071717178547107, -0.5772687353425068, -0.4082511098116992]
  cam_t_m2c: [-0.12169150688908095, -0.11510624994769574, 0.36855364037963456]
  obj_bb: [0, 28, 461, 213]
  obj_id: 1 
14:
- cam_R_m2c: [0.3227976780440886, 0.16563688068852353, -0.9318616221334177, 0.5531170124913513, -0.8319555293073853, 0.043721479246639036, -0.7680255396417439, -0.5295417084712464, -0.36016988970118613]
  cam_t_m2c: [-0.12169150688908095, -0.11510624994769574, 0.36855364037963456]
  obj_bb: [0, 71, 456, 197]
  obj_id: 1 
15:
- cam_R_m2c: [0.31267748750483215, 0.15724028431548343, -0.9367541202450373, 0.5491717953869344, -0.8345913743035167, 0.04321547280387593, -0.7750116953692769, -0.5279514475087238, -0.3473098632551135]
  cam_t_m2c: [-0.12169150688908095, -0.11510624994769574, 0.36855364037963456]
  obj_bb: [0, 82, 467, 194]
  obj_id: 1 
16:
- cam_R_m2c: [0.27752666410974647, 0.1661483721931661, -0.9462418660816491, 0.5456194349698302, -0.8379338453151168, 0.01289585431945033, -0.7907454602407299, -0.519866895746388, -0.3232027657921476]
  cam_t_m2c: [-0.12169150688908095, -0.11510624994769574, 0.36855364037963456]
  obj_bb: [0, 87, 489, 192]
  obj_id: 1 
17:
- cam_R_m2c: [0.2678205158613896, 0.1717904175170557, -0.9480296534038672, 0.5489599482864078, -0.835840810127082, 0.0036215056938923283, -0.79177973355039, -0.5214002230296997, -0.3181613756624992]
  cam_t_m2c: [-0.12169150688908095, -0.11510624994769574, 0.36855364037963456]
  obj_bb: [0, 87, 494, 192]
  obj_id: 1 
18:
- cam_R_m2c: [0.250917961559939, 0.16376134743985216, -0.9540557623384978, 0.5408066105074669, -0.8411442197080806, -0.002147482972005952, -0.802850164475312, -0.5154208210155757, -0.29962141222815747]
  cam_t_m2c: [-0.12169150688908095, -0.11510624994769574, 0.36855364037963456]
  obj_bb: [0, 90, 495, 190]
  obj_id: 1 
19:
- cam_R_m2c: [0.24521629550095014, 0.1285376901296134, -0.9609094809798348, 0.5510759214511941, -0.8339484035632455, 0.029075573786872165, -0.7976116205381626, -0.5366638821557302, -0.2753317641900944]
  cam_t_m2c: [-0.12169150688908095, -0.11510624994769574, 0.36855364037963456]
  obj_bb: [0, 116, 510, 189]
  obj_id: 1 
20:
- cam_R_m2c: [0.20830273079969913, 0.1266899782605023, -0.9698245314229506, 0.5580266583137711, -0.8297438285650803, 0.011464186378930182, -0.803253522216092, -0.5435759637497928, -0.24353429056485468]
  cam_t_m2c: [-0.12169150688908095, -0.11510624994769574, 0.36855364037963456]
  obj_bb: [17, 114, 507, 184]
  obj_id: 1 
21:
- cam_R_m2c: [0.15778603729018367, 0.11128838680466453, -0.9811821754387297, 0.5893250294125618, -0.8078899464591255, 0.0031375337698197293, -0.7923380441100559, -0.578730273419912, -0.1930587850452992]
  cam_t_m2c: [-0.12169150688908095, -0.11510624994769574, 0.36855364037963456]
  obj_bb: [28, 117, 507, 180]
  obj_id: 1 
22:
- cam_R_m2c: [0.15412648786524188, 0.16559126706584776, -0.9740762588267178, 0.5811069861483066, -0.8125159683567356, -0.04617869438334703, -0.7990993032082824, -0.5589251590659009, -0.22145647467436333]
  cam_t_m2c: [-0.12169150688908095, -0.11510624994769574, 0.36855364037963456]
  obj_bb: [29, 100, 508, 198]
  obj_id: 1 
23:
- cam_R_m2c: [0.13781554084564793, 0.1532086245615755, -0.978536659538811, 0.5777735824053252, -0.8148877197085413, -0.046213545013696025, -0.8044778208104582, -0.5590036865962188, -0.20082408768844334]
  cam_t_m2c: [-0.12169150688908095, -0.11510624994769574, 0.36855364037963456]
  obj_bb: [24, 101, 510, 197]
  obj_id: 1 
24:
- cam_R_m2c: [0.12777609642375393, 0.15385956694811, -0.9797961537183404, 0.5890502173671163, -0.8065581871413945, -0.049837056242754606, -0.7979305174026537, -0.5707811528192993, -0.1936898680463401]
  cam_t_m2c: [-0.12169150688908095, -0.11510624994769574, 0.36855364037963456]
  obj_bb: [20, 101, 514, 198]
  obj_id: 1 
25:
- cam_R_m2c: [0.06941168670123322, 0.12739218631800242, -0.9894206631228256, 0.5888526004988173, -0.8058247146837842, -0.06244312684820996, -0.8052543900129181, -0.5782886477097026, -0.13094887282832568]
  cam_t_m2c: [-0.12169150688908095, -0.11510624994769574, 0.36855364037963456]
  obj_bb: [16, 102, 504, 197]
  obj_id: 1 
26:
- cam_R_m2c: [0.13187092354834212, 0.2624459371993027, -0.9558933986434314, 0.5940137340653533, -0.7929179841919456, -0.13575254725683752, -0.7935727712467511, -0.5499119933158043, -0.26045931801951994]
  cam_t_m2c: [-0.12169150688908095, -0.11510624994769574, 0.36855364037963456]
  obj_bb: [45, 84, 487, 225]
  obj_id: 1 
27:
- cam_R_m2c: [0.056929909367620525, 0.2500383857889884, -0.9665608056668938, 0.6130587282102857, -0.772865509920694, -0.16382276807640933, -0.7879834904264102, -0.5832321229211075, -0.19728737822869372]
  cam_t_m2c: [-0.12169150688908095, -0.11510624994769574, 0.36855364037963456]
  obj_bb: [4, 92, 497, 233]
  obj_id: 1 
28:
- cam_R_m2c: [0.05806296729906649, 0.24860585244560152, -0.9668628765022617, 0.6089461508077929, -0.7762764533288036, -0.1630320625632613, -0.7910836095159649, -0.5793013016876879, -0.19646049123970274]
  cam_t_m2c: [-0.12169150688908095, -0.11510624994769574, 0.36855364037963456]
  obj_bb: [1, 96, 486, 227]
  obj_id: 1 
29:
- cam_R_m2c: [0.04886956893075791, 0.2520325374523962, -0.9664840222672241, 0.6079330214394044, -0.7752613450766987, -0.17142720983970233, -0.7924829377823116, -0.5791799779819498, -0.1911055897370526]
  cam_t_m2c: [-0.12169150688908095, -0.11510624994769574, 0.36855364037963456]
  obj_bb: [0, 93, 480, 231]
  obj_id: 1 
30:
- cam_R_m2c: [0.04287565713775378, 0.2682557496230235, -0.9623931269596633, 0.5973149062676135, -0.7790443004262341, -0.1905383969805413, -0.8008599008412917, -0.5666823014419892, -0.19363519426202083]
  cam_t_m2c: [-0.12169150688908095, -0.11510624994769574, 0.36855364037963456]
  obj_bb: [0, 86, 473, 237]
  obj_id: 1 
31:
- cam_R_m2c: [0.03883804203370967, 0.2704798693050215, -0.9619419144583153, 0.6016131179654708, -0.7749673549029376, -0.19361625739233085, -0.7978428810128333, -0.5711971981159244, -0.19282245222395783]
  cam_t_m2c: [-0.12169150688908095, -0.11510624994769574, 0.36855364037963456]
  obj_bb: [0, 84, 464, 237]
  obj_id: 1 
32:
- cam_R_m2c: [0.023981856474866368, 0.2517357472214837, -0.9674988290074886, 0.6032706538130815, -0.7753546624024288, -0.18678775585876758, -0.7971758832327781, -0.5791841339864694, -0.17045923304528085]
  cam_t_m2c: [-0.12169150688908095, -0.11510624994769574, 0.36855364037963456]
  obj_bb: [0, 90, 460, 231]
  obj_id: 1 
33:
- cam_R_m2c: [0.02581062740542236, 0.25112003811629885, -0.9676117702722565, 0.6015193279269377, -0.7769974924735162, -0.18560548165449178, -0.7984411748170727, -0.5772465878169705, -0.17110834932988092]
  cam_t_m2c: [-0.12169150688908095, -0.11510624994769574, 0.36855364037963456]
  obj_bb: [0, 91, 458, 229]
  obj_id: 1 
34:
- cam_R_m2c: [0.0268731703061284, 0.24287558413709337, -0.9696851465025976, 0.6015823234748917, -0.7786452704661213, -0.17835428467882197, -0.7983586542402178, -0.5785524984051195, -0.16703432518180913]
  cam_t_m2c: [-0.12169150688908095, -0.11510624994769574, 0.36855364037963456]
  obj_bb: [0, 92, 457, 226]
  obj_id: 1 
35:
- cam_R_m2c: [0.03167646586860387, 0.2492498936513871, -0.9679210153854744, 0.6015696127536019, -0.7781172599360138, -0.180686277290647, -0.7981920837251888, -0.5765483677059898, -0.174589166828874]
  cam_t_m2c: [-0.12169150688908095, -0.11510624994769574, 0.36855364037963456]
  obj_bb: [0, 89, 458, 226]
  obj_id: 1 
36:
- cam_R_m2c: [0.024809087801946655, 0.23291041485949443, -0.9721816948556548, 0.6057767721505056, -0.7771039795305489, -0.17071586722007445, -0.7952477673564089, -0.5846897841144167, -0.1603709601732318]
  cam_t_m2c: [-0.12169150688908095, -0.11510624994769574, 0.36855364037963456]
  obj_bb: [0, 94, 459, 221]
  obj_id: 1 
37:
- cam_R_m2c: [0.01720989982061419, 0.22724846525181408, -0.9736847304897303, 0.6068419899975749, -0.7763283361528245, -0.17046147266163444, -0.794636154805425, -0.5879391546128565, -0.1512644437703956]
  cam_t_m2c: [-0.12169150688908095, -0.11510624994769574, 0.36855364037963456]
  obj_bb: [2, 94, 462, 219]
  obj_id: 1 
38:
- cam_R_m2c: [0.017644126775966103, 0.2350564831090218, -0.9718215548848107, 0.6125042200831801, -0.7707820199269864, -0.17531017693669024, -0.790270374726658, -0.592151608547754, -0.15757286353841013]
  cam_t_m2c: [-0.12169150688908095, -0.11510624994769574, 0.36855364037963456]
  obj_bb: [4, 90, 462, 221]
  obj_id: 1 
39:
- cam_R_m2c: [0.010766511846113186, 0.22775114081245298, -0.9736598482433656, 0.6188649794100396, -0.7663417581593411, -0.17241359273869383, -0.7854235923897893, -0.6007076889468594, -0.1491980326869023]
  cam_t_m2c: [-0.12169150688908095, -0.11510624994769574, 0.36855364037963456]
  obj_bb: [11, 89, 455, 217]
  obj_id: 1 
40:
- cam_R_m2c: [0.004969606908123535, 0.22560188631737074, -0.9742069040492478, 0.6220173812762418, -0.7635082198910088, -0.17363633130515804, -0.7829876629918442, -0.6051107229663915, -0.1441226302620876]
  cam_t_m2c: [-0.12169150688908095, -0.11510624994769574, 0.36855364037963456]
  obj_bb: [22, 92, 448, 214]
  obj_id: 1 
41:
- cam_R_m2c: [-0.013575321009239005, 0.23713744054699418, -0.9713812562276016, 0.6093763794885444, -0.7682568019274998, -0.1960660970529248, -0.7927648697949048, -0.5945984532295316, -0.1340766222580077]
  cam_t_m2c: [-0.12169150688908095, -0.11510624994769574, 0.36855364037963456]
  obj_bb: [44, 96, 442, 220]
  obj_id: 1 
42:
- cam_R_m2c: [-0.02497202962336276, 0.2228505346565562, -0.9745327274852167, 0.6092873124877343, -0.7694611143185001, -0.1915686936668067, -0.7925562242377283, -0.598554285553966, -0.11656499760655757]
  cam_t_m2c: [-0.12169150688908095, -0.11510624994769574, 0.36855364037963456]
  obj_bb: [53, 106, 437, 214]
  obj_id: 1 
43:
- cam_R_m2c: [-0.022633546643832776, 0.21532741690872528, -0.9762795839787556, 0.6065005654375504, -0.7733490925885586, -0.18463002225094946, -0.7947608361578065, -0.596292951928722, -0.11309256735027853]
  cam_t_m2c: [-0.12169150688908095, -0.11510624994769574, 0.36855364037963456]
  obj_bb: [62, 105, 435, 213]
  obj_id: 1 
44:
- cam_R_m2c: [-0.03202469818608031, 0.1967713736752478, -0.9799262447796979, 0.6115045983963775, -0.7716603441852066, -0.17493552913017724, -0.7905925276943726, -0.6048316622944971, -0.09561441021048547]
  cam_t_m2c: [-0.12169150688908095, -0.11510624994769574, 0.36855364037963456]
  obj_bb: [66, 110, 435, 208]
  obj_id: 1 
45:
- cam_R_m2c: [-0.0485124678348897, 0.21355849104127864, -0.9757250183165025, 0.6048284678423533, -0.7711297910195202, -0.1988501191592888, -0.79487676085796, -0.599792977873502, -0.09175684574785875]
  cam_t_m2c: [-0.12169150688908095, -0.11510624994769574, 0.36855364037963456]
  obj_bb: [82, 102, 431, 215]
  obj_id: 1 
46:
- cam_R_m2c: [-0.058327746137079535, 0.20417388540710507, -0.977195424952621, 0.6042984717023799, -0.7719288118937361, -0.1973556851638646, -0.7946201804187595, -0.6020290141563723, -0.07835709913701226]
  cam_t_m2c: [-0.12169150688908095, -0.11510624994769574, 0.36855364037963456]
  obj_bb: [84, 104, 431, 214]
  obj_id: 1 
47:
- cam_R_m2c: [-0.060279487085808554, 0.20451793569951535, -0.9770050140167541, 0.6022772183681793, -0.7730877729105902, -0.19899107419890866, -0.7960078741264844, -0.6004229420611391, -0.07657515899614369]
  cam_t_m2c: [-0.12169150688908095, -0.11510624994769574, 0.36855364037963456]
  obj_bb: [88, 107, 432, 214]
  obj_id: 1 
48:
- cam_R_m2c: [-0.06435284911946447, 0.20462671751558179, -0.9767223849636113, 0.6026958671155722, -0.772118583218984, -0.20147105303174712, -0.7953718643326648, -0.6016317810145243, -0.07363964625983785]
  cam_t_m2c: [-0.12169150688908095, -0.11510624994769574, 0.36855364037963456]
  obj_bb: [88, 106, 434, 217]
  obj_id: 1 
49:
- cam_R_m2c: [-0.07615814168187719, 0.20423838429783706, -0.9759542099068825, 0.6010719465357068, -0.7715538686860092, -0.208367806542737, -0.7955579504620277, -0.6024876016110722, -0.06400185436061717]
  cam_t_m2c: [-0.12169150688908095, -0.11510624994769574, 0.36855364037963456]
  obj_bb: [87, 102, 433, 219]
  obj_id: 1 
50:
- cam_R_m2c: [-0.08348366530012585, 0.20454900291014072, -0.9752897943875556, 0.6075021363591706, -0.7653598777410778, -0.2125215562318535, -0.7899187502187197, -0.6102327121292596, -0.06036890839056503]
  cam_t_m2c: [-0.12169150688908095, -0.11510624994769574, 0.36855364037963456]
  obj_bb: [83, 98, 437, 224]
  obj_id: 1 
51:
- cam_R_m2c: [-0.09982910500698179, 0.20331884888933197, -0.9740100592292765, 0.6050753142997352, -0.7646952921824591, -0.2216415442534724, -0.7898848104746583, -0.6114757197144479, -0.04668436977314412]
  cam_t_m2c: [-0.12169150688908095, -0.11510624994769574, 0.36855364037963456]
  obj_bb: [82, 96, 436, 226]
  obj_id: 1 
52:
- cam_R_m2c: [-0.10987915065182988, 0.20311450667480585, -0.9729702304954045, 0.6024074170378144, -0.7650118781439582, -0.22773258483688377, -0.7905895750323726, -0.6111475464050444, -0.03829882991985807]
  cam_t_m2c: [-0.12169150688908095, -0.11510624994769574, 0.36855364037963456]
  obj_bb: [83, 96, 434, 228]
  obj_id: 1 
53:
- cam_R_m2c: [-0.1396350828120146, 0.19894364389182836, -0.9700120979674028, 0.5917802228091315, -0.7686532359735576, -0.24283403945773085, -0.793913226706839, -0.6079421266719579, -0.010399955649873357]
  cam_t_m2c: [-0.12169150688908095, -0.11510624994769574, 0.36855364037963456]
  obj_bb: [73, 97, 441, 235]
  obj_id: 1 
54:
- cam_R_m2c: [-0.1575737625086521, 0.19640436604939285, -0.9677788147947867, 0.579043929866476, -0.7754841642648856, -0.2516593695040654, -0.7999241443122354, -0.6000413618836034, 0.008469201568923924]
  cam_t_m2c: [-0.12169150688908095, -0.11510624994769574, 0.36855364037963456]
  obj_bb: [68, 98, 441, 239]
  obj_id: 1 
55:
- cam_R_m2c: [-0.17653731448037194, 0.1785575854089677, -0.9679626879632169, 0.5991164911410651, -0.7607613978907016, -0.24960273540610428, -0.7809571093465278, -0.6239866057635424, 0.02732598010711985]
  cam_t_m2c: [-0.12169150688908095, -0.11510624994769574, 0.36855364037963456]
  obj_bb: [53, 111, 446, 240]
  obj_id: 1 
56:
- cam_R_m2c: [-0.20318809905145035, 0.18922497939476512, -0.9606812705454972, 0.5802481264209642, -0.7670343281993481, -0.2738073248632015, -0.7886866983719376, -0.6130678971670496, 0.04605480728817786]
  cam_t_m2c: [-0.12169150688908095, -0.11510624994769574, 0.36855364037963456]
  obj_bb: [46, 101, 443, 250]
  obj_id: 1 
57:
- cam_R_m2c: [-0.22455079392966146, 0.18791601137051922, -0.9561718013077739, 0.5706617446630687, -0.7700145146762677, -0.2853468422218495, -0.7898874059786425, -0.6097255282981593, 0.06567089170909726]
  cam_t_m2c: [-0.12169150688908095, -0.11510624994769574, 0.36855364037963456]
  obj_bb: [42, 105, 442, 254]
  obj_id: 1 
58:
- cam_R_m2c: [-0.24747162210656354, 0.18998550517203536, -0.9500859456262214, 0.5584496357886454, -0.7733503923413463, -0.30010527311765267, -0.7917649907260894, -0.6048426890440308, 0.08528493988101685]
  cam_t_m2c: [-0.12169150688908095, -0.11510624994769574, 0.36855364037963456]
  obj_bb: [21, 110, 445, 263]
  obj_id: 1 
59:
- cam_R_m2c: [-0.2581543892770271, 0.1890160352523512, -0.9474329790093263, 0.5556654681820368, -0.773180890598684, -0.3056586296558116, -0.7903114568112063, -0.6053629067183657, 0.0945703568907639]
  cam_t_m2c: [-0.12169150688908095, -0.11510624994769574, 0.36855364037963456]
  obj_bb: [10, 111, 446, 267]
  obj_id: 1 
60:
- cam_R_m2c: [-0.2707754023951076, 0.21730191512813996, -0.9377955849434396, 0.5053752097077412, -0.797052792464632, -0.3306096541802588, -0.8193147007533981, -0.5634596025501507, 0.1060032896819811]
  cam_t_m2c: [-0.12169150688908095, -0.11510624994769574, 0.36855364037963456]
  obj_bb: [4, 101, 443, 278]
  obj_id: 1 
61:
- cam_R_m2c: [-0.3036133776020458, 0.2026214888083935, -0.931001315366496, 0.5409869735956239, -0.767684730613839, -0.3435014538283794, -0.7843162699708153, -0.6079512206217115, 0.12346376797929579]
  cam_t_m2c: [-0.12169150688908095, -0.11510624994769574, 0.36855364037963456]
  obj_bb: [0, 104, 428, 287]
  obj_id: 1 
62:
- cam_R_m2c: [-0.3190625409371607, 0.20526109072832432, -0.9252388770494572, 0.5224208789670419, -0.7764568452527505, -0.3524077080307068, -0.7907436501104738, -0.5958042061727717, 0.14050561453837218]
  cam_t_m2c: [-0.12169150688908095, -0.11510624994769574, 0.36855364037963456]
  obj_bb: [0, 104, 416, 292]
  obj_id: 1 
63:
- cam_R_m2c: [-0.32963264865061825, 0.1911509536834838, -0.9245559095314219, 0.5275314870788772, -0.7748609864558355, -0.34828290484754715, -0.7829769135063555, -0.6025377702472998, 0.15458133244827565]
  cam_t_m2c: [-0.12169150688908095, -0.11510624994769574, 0.36855364037963456]
  obj_bb: [0, 111, 415, 291]
  obj_id: 1 
64:
- cam_R_m2c: [-0.3403537717391155, 0.1956431627755478, -0.9197190130263373, 0.5172908766014899, -0.7778415824262664, -0.35689301146627866, -0.7852193700156865, -0.5972321370353271, 0.1635368932210531]
  cam_t_m2c: [-0.12169150688908095, -0.11510624994769574, 0.36855364037963456]
  obj_bb: [0, 109, 419, 294]
  obj_id: 1 
65:
- cam_R_m2c: [-0.3504567631612694, 0.1787579005311261, -0.9193615557288827, 0.5479339677431961, -0.756964538508155, -0.3560520389414185, -0.7595712107154512, -0.6285302701054599, 0.16733581628997066]
  cam_t_m2c: [-0.12169150688908095, -0.11510624994769574, 0.36855364037963456]
  obj_bb: [0, 110, 420, 296]
  obj_id: 1 
66:
- cam_R_m2c: [-0.3635562175605929, 0.18315699040449615, -0.9133895081174315, 0.5237838344951137, -0.7706313951049764, -0.3630120488360661, -0.7703748252601724, -0.6103939463531132, 0.18423316438915932]
  cam_t_m2c: [-0.12169150688908095, -0.11510624994769574, 0.36855364037963456]
  obj_bb: [0, 100, 430, 294]
  obj_id: 1 
67:
- cam_R_m2c: [-0.37510355754016184, 0.16849064093649518, -0.9115416748769775, 0.5370464764350691, -0.7620026499219769, -0.36184671293320736, -0.755564956353457, -0.6252702339218579, 0.19534259981353405]
  cam_t_m2c: [-0.12169150688908095, -0.11510624994769574, 0.36855364037963456]
  obj_bb: [4, 103, 431, 292]
  obj_id: 1 
68:
- cam_R_m2c: [-0.3900061271577474, 0.17172289779420935, -0.9046582046013714, 0.5206905591335058, -0.7691726051379404, -0.3704792101246153, -0.7594580715277619, -0.6155361483117607, 0.21056753717719243]
  cam_t_m2c: [-0.12169150688908095, -0.11510624994769574, 0.36855364037963456]
  obj_bb: [19, 106, 430, 296]
  obj_id: 1 
69:
- cam_R_m2c: [-0.3927997064762014, 0.15744934730627044, -0.9060453043998643, 0.547752776719224, -0.7513439024226196, -0.3680342862950912, -0.7386983729429789, -0.6408525909483256, 0.20888434715465126]
  cam_t_m2c: [-0.12169150688908095, -0.11510624994769574, 0.36855364037963456]
  obj_bb: [25, 117, 427, 294]
  obj_id: 1 
70:
- cam_R_m2c: [-0.39347170327441744, 0.16461862309056274, -0.9044781521154056, 0.5291960089397914, -0.7639391312759025, -0.3692540965617378, -0.7517523547316225, -0.6239372665879076, 0.2134729128444202]
  cam_t_m2c: [-0.12169150688908095, -0.11510624994769574, 0.36855364037963456]
  obj_bb: [26, 122, 432, 298]
  obj_id: 1 
71:
- cam_R_m2c: [-0.39943977780662704, 0.16997783571489547, -0.9008636962778976, 0.5127271286612268, -0.7731828679112398, -0.3732280057865052, -0.7599728649370459, -0.6109793680102736, 0.22168774532021113]
  cam_t_m2c: [-0.12169150688908095, -0.11510624994769574, 0.36855364037963456]
  obj_bb: [32, 128, 427, 296]
  obj_id: 1 
72:
- cam_R_m2c: [-0.3683461631133133, 0.1766778882233359, -0.9127464203888423, 0.5324970636446907, -0.7646843797423789, -0.3629113894434884, -0.7620813482361946, -0.619711806560887, 0.1875881005809201]
  cam_t_m2c: [-0.12169150688908095, -0.11510624994769574, 0.36855364037963456]
  obj_bb: [12, 132, 442, 300]
  obj_id: 1 
73:
- cam_R_m2c: [-0.37171098997218793, 0.1755470809566503, -0.9115997818678433, 0.5347870118965249, -0.7621673742471399, -0.3648338601884643, -0.7588371313007145, -0.6231244787366516, 0.18942569033394616]
  cam_t_m2c: [-0.12169150688908095, -0.11510624994769574, 0.36855364037963456]
  obj_bb: [18, 138, 437, 297]
  obj_id: 1 
74:
- cam_R_m2c: [-0.3722856866331923, 0.18945180259076852, -0.9085765691581345, 0.5291927025189913, -0.7608945076440116, -0.37549251901713254, -0.7624686558336127, -0.6206025803461415, 0.18301362282357478]
  cam_t_m2c: [-0.12169150688908095, -0.11510624994769574, 0.36855364037963456]
  obj_bb: [19, 136, 440, 304]
  obj_id: 1 
75:
- cam_R_m2c: [-0.37978170923165727, 0.18742770094919586, -0.905890010017764, 0.5267115231692435, -0.7612194444189323, -0.37831194641363913, -0.7604872284883105, -0.6208186646319785, 0.1903768918507369]
  cam_t_m2c: [-0.12169150688908095, -0.11510624994769574, 0.36855364037963456]
  obj_bb: [15, 131, 440, 306]
  obj_id: 1 
76:
- cam_R_m2c: [-0.3917190244478404, 0.1861736150903955, -0.9010524906628978, 0.5243560744530218, -0.759545355180582, -0.38489162189872295, -0.756046898723794, -0.6232417175284233, 0.19990709957970118]
  cam_t_m2c: [-0.12169150688908095, -0.11510624994769574, 0.36855364037963456]
  obj_bb: [15, 130, 439, 310]
  obj_id: 1 
77:
- cam_R_m2c: [-0.3915777725872114, 0.20004484530999844, -0.8981363526105283, 0.5089829224844614, -0.7660613399018671, -0.3925384161161082, -0.7665528244255795, -0.6108453841788919, 0.19815318315011535]
  cam_t_m2c: [-0.12169150688908095, -0.11510624994769574, 0.36855364037963456]
  obj_bb: [19, 128, 437, 313]
  obj_id: 1 
78:
- cam_R_m2c: [-0.4033336557554047, 0.18973064834920286, -0.8951671593685615, 0.5117881594928744, -0.764177568175123, -0.39256276453691086, -0.7585478507898462, -0.6164697278658123, 0.21111663290032084]
  cam_t_m2c: [-0.12169150688908095, -0.11510624994769574, 0.36855364037963456]
  obj_bb: [23, 136, 439, 315]
  obj_id: 1 
79:
- cam_R_m2c: [-0.4117890576883643, 0.19118496411124777, -0.890998362212815, 0.5003876646111476, -0.7697149633056475, -0.396422830281504, -0.7616048562562799, -0.6090871733677933, 0.22129360172787624]
  cam_t_m2c: [-0.12169150688908095, -0.11510624994769574, 0.36855364037963456]
  obj_bb: [23, 133, 439, 319]
  obj_id: 1 
80:
- cam_R_m2c: [-0.4334167972428102, 0.18453412962390925, -0.8820980868768162, 0.5022488492422476, -0.7632464241259647, -0.4064492459013541, -0.7482619683657876, -0.6191946794529796, 0.23812176640217705]
  cam_t_m2c: [-0.12169150688908095, -0.11510624994769574, 0.36855364037963456]
  obj_bb: [24, 134, 434, 323]
  obj_id: 1 
81:
- cam_R_m2c: [-0.44497956919096904, 0.18068941962022464, -0.8771228629102856, 0.49537639543557027, -0.7662790070498933, -0.4091683152443532, -0.7460532218601431, -0.6165775028266423, 0.25146922905233543]
  cam_t_m2c: [-0.12169150688908095, -0.11510624994769574, 0.36855364037963456]
  obj_bb: [23, 131, 430, 327]
  obj_id: 1 
82:
- cam_R_m2c: [-0.46188441757753984, 0.17833585338432548, -0.8688262819440667, 0.48610007549238726, -0.7684549209203829, -0.4161535186917837, -0.7418689246796704, -0.6145513468465709, 0.2682482817907885]
  cam_t_m2c: [-0.12169150688908095, -0.11510624994769574, 0.36855364037963456]
  obj_bb: [16, 132, 429, 331]
  obj_id: 1 
83:
- cam_R_m2c: [-0.48742010079138515, 0.17068243784724899, -0.8563230411211921, 0.46899023474969576, -0.776062114677785, -0.42163462129109086, -0.7365254951825915, -0.6071203336838321, 0.2982198775629919]
  cam_t_m2c: [-0.12169150688908095, -0.11510624994769574, 0.36855364037963456]
  obj_bb: [9, 130, 421, 337]
  obj_id: 1 
84:
- cam_R_m2c: [-0.49650966555301046, 0.1695411932336699, -0.8513130656869737, 0.4633313685735901, -0.7775777963204878, -0.4250844781512365, -0.7340314672465894, -0.6054985998879602, 0.3075211385019786]
  cam_t_m2c: [-0.12169150688908095, -0.11510624994769574, 0.36855364037963456]
  obj_bb: [3, 128, 421, 342]
  obj_id: 1 
85:
- cam_R_m2c: [-0.5095245986996515, 0.17206608804883372, -0.8430764761654423, 0.45599225123884546, -0.7769090123806366, -0.43414681075862377, -0.7296956558251574, -0.6056448198617037, 0.3173934499081412]
  cam_t_m2c: [-0.12169150688908095, -0.11510624994769574, 0.36855364037963456]
  obj_bb: [0, 121, 412, 346]
  obj_id: 1 
86:
- cam_R_m2c: [-0.5457437615213719, 0.16708540245788564, -0.8211249692014003, 0.4382073515762422, -0.77833923391877, -0.4496246812256726, -0.7142395002973847, -0.6052028628718067, 0.351555729560374]
  cam_t_m2c: [-0.12169150688908095, -0.11510624994769574, 0.36855364037963456]
  obj_bb: [0, 116, 389, 348]
  obj_id: 1 
87:
- cam_R_m2c: [-0.5875726584563342, 0.13818368805921039, -0.7972851681731704, 0.4321771254297683, -0.7794117068042244, -0.45358607072064844, -0.6840915898400125, -0.6110831855409558, 0.3982411795122359]
  cam_t_m2c: [-0.12169150688908095, -0.11510624994769574, 0.36855364037963456]
  obj_bb: [0, 122, 368, 348]
  obj_id: 1 
88:
- cam_R_m2c: [-0.5854590020783365, 0.16599918548994558, -0.7935250640667392, 0.40425935531067253, -0.7886580571811909, -0.46324166747713946, -0.7027176748376666, -0.5919989351847406, 0.39462023543007907]
  cam_t_m2c: [-0.12169150688908095, -0.11510624994769574, 0.36855364037963456]
  obj_bb: [0, 111, 361, 353]
  obj_id: 1 
89:
- cam_R_m2c: [-0.6259455444408906, 0.15371392888801275, -0.7645679848518491, 0.3822083737909599, -0.7941039376198283, -0.4725629008510546, -0.6797859474854467, -0.5880229283986277, 0.4383150707867947]
  cam_t_m2c: [-0.12169150688908095, -0.11510624994769574, 0.36855364037963456]
  obj_bb: [0, 100, 323, 351]
  obj_id: 1 
90:
- cam_R_m2c: [-0.6430554225748099, 0.15860517845431324, -0.7492156704611949, 0.3695130695329475, -0.7926415427619586, -0.48495306590668263, -0.6707755324558962, -0.588696680859864, 0.4511057558966676]
  cam_t_m2c: [-0.12169150688908095, -0.11510624994769574, 0.36855364037963456]
  obj_bb: [0, 92, 295, 352]
  obj_id: 1 
91:
- cam_R_m2c: [-0.6552348249210506, 0.11160125993794501, -0.7471361877134275, 0.4030047438027872, -0.7848905871502093, -0.47067392393828344, -0.6389479639870136, -0.6095013740618355, 0.4693118092841902]
  cam_t_m2c: [-0.12169150688908095, -0.11510624994769574, 0.36855364037963456]
  obj_bb: [0, 104, 275, 345]
  obj_id: 1 
92:
- cam_R_m2c: [-0.668747704643157, 0.10196089921275257, -0.736464854943023, 0.39255063023077963, -0.7928084600830956, -0.46621749036913945, -0.6314115220994523, -0.6008816194995484, 0.4901640226573838]
  cam_t_m2c: [-0.12169150688908095, -0.11510624994769574, 0.36855364037963456]
  obj_bb: [0, 107, 270, 337]
  obj_id: 1 
93:
- cam_R_m2c: [-0.6799720075988978, 0.11009369792142916, -0.7249258214189368, 0.37544173620397375, -0.7969520740758663, -0.4731922382524156, -0.6298266202679028, -0.5939248852373195, 0.5005713326767381]
  cam_t_m2c: [-0.12169150688908095, -0.11510624994769574, 0.36855364037963456]
  obj_bb: [0, 102, 271, 336]
  obj_id: 1 
94:
- cam_R_m2c: [-0.694376213165007, 0.10881738387752221, -0.7113370871511564, 0.3746274316334443, -0.7893214880841526, -0.486442058128572, -0.6144070003331494, -0.6042601802325518, 0.5073200888265363]
  cam_t_m2c: [-0.12169150688908095, -0.11510624994769574, 0.36855364037963456]
  obj_bb: [0, 90, 269, 333]
  obj_id: 1 
95:
- cam_R_m2c: [-0.7078803580467325, 0.10049919056398576, -0.6991461302100044, 0.38046232338681607, -0.7797089421958939, -0.49729506929274825, -0.5951082415617809, -0.6180241727924147, 0.5137044896334007]
  cam_t_m2c: [-0.12169150688908095, -0.11510624994769574, 0.36855364037963456]
  obj_bb: [0, 80, 275, 330]
  obj_id: 1 
96:
- cam_R_m2c: [-0.7076951360246795, 0.15435442775425595, -0.6894507270861937, 0.3460658539491303, -0.7750320207703476, -0.5287379232768384, -0.6159594298145721, -0.6127806111597299, 0.49506959451094806]
  cam_t_m2c: [-0.12169150688908095, -0.11510624994769574, 0.36855364037963456]
  obj_bb: [3, 66, 287, 337]
  obj_id: 1 
97:
- cam_R_m2c: [-0.7106584274830482, 0.14664771023438056, -0.6880836057706565, 0.35464094284189357, -0.7700138726892035, -0.5303851784565647, -0.6076136939763271, -0.6209453155868024, 0.49520956568231683]
  cam_t_m2c: [-0.12169150688908095, -0.11510624994769574, 0.36855364037963456]
  obj_bb: [7, 70, 285, 337]
  obj_id: 1 
98:
- cam_R_m2c: [-0.7208158979534591, 0.13574955835188304, -0.6797032430883576, 0.34846049684705405, -0.7767256009098139, -0.5246642955532692, -0.5991658563325151, -0.6150360951184608, 0.5125728029331816]
  cam_t_m2c: [-0.12169150688908095, -0.11510624994769574, 0.36855364037963456]
  obj_bb: [14, 73, 278, 331]
  obj_id: 1 
99:
- cam_R_m2c: [-0.7226952563020526, 0.13837038666842033, -0.6771744255446707, 0.353156885712656, -0.7682770659710629, -0.5338825376210106, -0.5941311139742391, -0.6249831885708085, 0.5063637362722704]
  cam_t_m2c: [-0.12169150688908095, -0.11510624994769574, 0.36855364037963456]
  obj_bb: [15, 69, 280, 337]
  obj_id: 1 
100:
- cam_R_m2c: [-0.7197197958519214, 0.16589700891258982, -0.6741525034387522, 0.34079690026865445, -0.7615711326734802, -0.5512412200169036, -0.6048643552286468, -0.6264883018159991, 0.4915806337332217]
  cam_t_m2c: [-0.12169150688908095, -0.11510624994769574, 0.36855364037963456]
  obj_bb: [18, 60, 283, 342]
  obj_id: 1 
101:
- cam_R_m2c: [-0.7270209553081207, 0.16822303263872576, -0.665688772500116, 0.3319523904289206, -0.7625706828083989, -0.5552418970229767, -0.6010392175485849, -0.6246494737138337, 0.4985628284956988]
  cam_t_m2c: [-0.12169150688908095, -0.11510624994769574, 0.36855364037963456]
  obj_bb: [22, 55, 278, 340]
  obj_id: 1 
102:
- cam_R_m2c: [-0.7526266361498342, 0.12772046264435047, -0.6459416614367834, 0.35183715270504423, -0.7512052523315257, -0.5584812323130934, -0.5565642501402828, -0.6475941262020896, 0.520440278201405]
  cam_t_m2c: [-0.12169150688908095, -0.11510624994769574, 0.36855364037963456]
  obj_bb: [37, 65, 266, 336]
  obj_id: 1 
103:
- cam_R_m2c: [-0.7494879641715061, 0.15509788124027593, -0.6435933800132205, 0.3241459009591249, -0.7616871092465891, -0.5610367033438951, -0.577232385139183, -0.629108412630413, 0.5206009783934265]
  cam_t_m2c: [-0.12169150688908095, -0.11510624994769574, 0.36855364037963456]
  obj_bb: [38, 62, 265, 336]
  obj_id: 1 
104:
- cam_R_m2c: [-0.7548729387879843, 0.12046023144971787, -0.6447140287946931, 0.35632786600419997, -0.7499404166019479, -0.5573327762260222, -0.5506335425621164, -0.6504450047359771, 0.5231863889853474]
  cam_t_m2c: [-0.12169150688908095, -0.11510624994769574, 0.36855364037963456]
  obj_bb: [35, 67, 262, 334]
  obj_id: 1 
105:
- cam_R_m2c: [-0.7591913355604606, 0.14063368206743493, -0.635492473187601, 0.33219237276673547, -0.7559095658498364, -0.5641355827567807, -0.5597113036964253, -0.6393925990538781, 0.5271625563235602]
  cam_t_m2c: [-0.12169150688908095, -0.11510624994769574, 0.36855364037963456]
  obj_bb: [39, 65, 259, 336]
  obj_id: 1 
106:
- cam_R_m2c: [-0.7680609994994855, 0.1359055356340453, -0.6257890910138085, 0.32820090337551316, -0.7555780544703287, -0.5669091378927879, -0.5498785939381267, -0.6408053440685887, 0.5357257161475317]
  cam_t_m2c: [-0.12169150688908095, -0.11510624994769574, 0.36855364037963456]
  obj_bb: [46, 70, 249, 330]
  obj_id: 1 
107:
- cam_R_m2c: [-0.7815774148832672, 0.13033441291479766, -0.6100407243410513, 0.3225133766818658, -0.7526633395480854, -0.5740061142196996, -0.5339680387492013, -0.645376508799696, 0.546230075594399]
  cam_t_m2c: [-0.12169150688908095, -0.11510624994769574, 0.36855364037963456]
  obj_bb: [43, 78, 243, 339]
  obj_id: 1 
108:
- cam_R_m2c: [-0.7850586420314637, 0.12416845475009698, -0.6068485176851789, 0.3270373596503191, -0.7489354130293859, -0.5763178918821332, -0.5260508473186619, -0.6509054785108835, 0.5473504947287914]
  cam_t_m2c: [-0.12169150688908095, -0.11510624994769574, 0.36855364037963456]
  obj_bb: [42, 85, 238, 339]
  obj_id: 1 
109:
- cam_R_m2c: [-0.7973118768571317, 0.1278339120208881, -0.5898747849840738, 0.3102224901061593, -0.751545707605306, -0.5821864443736122, -0.5177410333891973, -0.6471765912928875, 0.5595593641675769]
  cam_t_m2c: [-0.12169150688908095, -0.11510624994769574, 0.36855364037963456]
  obj_bb: [40, 84, 231, 344]
  obj_id: 1 
110:
- cam_R_m2c: [-0.7965750686733987, 0.15619680347412687, -0.5840126013644307, 0.29946899339354655, -0.7372345229176287, -0.6056431129091498, -0.5251537698273213, -0.6573338701169181, 0.5404865412138243]
  cam_t_m2c: [-0.12169150688908095, -0.11510624994769574, 0.36855364037963456]
  obj_bb: [37, 75, 232, 357]
  obj_id: 1 
111:
- cam_R_m2c: [-0.8328775623678648, 0.10051643701475606, -0.544253077156241, 0.31242901381244875, -0.7263140164931141, -0.6122548985298839, -0.45684031940314457, -0.6799738195956562, 0.5735263962819365]
  cam_t_m2c: [-0.12169150688908095, -0.11510624994769574, 0.36855364037963456]
  obj_bb: [30, 73, 212, 351]
  obj_id: 1 
112:
- cam_R_m2c: [-0.8357606647825476, 0.15752093779583287, -0.5260145105965895, 0.2741101014984032, -0.7103759894092057, -0.6482511904558641, -0.475781213856528, -0.6859687367707213, 0.5505262289068592]
  cam_t_m2c: [-0.12169150688908095, -0.11510624994769574, 0.36855364037963456]
  obj_bb: [30, 55, 203, 360]
  obj_id: 1 
113:
- cam_R_m2c: [-0.8615380754867573, 0.1625696102608302, -0.4809607741866577, 0.23583938229770876, -0.7107755399388217, -0.6627050004203434, -0.44959084759815815, -0.6843750825711907, 0.5740198743176597]
  cam_t_m2c: [-0.12169150688908095, -0.11510624994769574, 0.36855364037963456]
  obj_bb: [26, 53, 178, 363]
  obj_id: 1 
114:
- cam_R_m2c: [-0.8679070676220673, 0.16997294245284775, -0.4667403140993898, 0.22872423312203108, -0.6973407160222511, -0.6792651551200953, -0.44093372195197655, -0.6962938493276388, 0.5663500050623231]
  cam_t_m2c: [-0.12169150688908095, -0.11510624994769574, 0.36855364037963456]
  obj_bb: [24, 55, 170, 366]
  obj_id: 1 
115:
- cam_R_m2c: [-0.8892147691891474, 0.16712660830583312, -0.42587062712999274, 0.19951278262201033, -0.6960363803875445, -0.6897303869972984, -0.4116937500452666, -0.698285080732217, 0.585581934660284]
  cam_t_m2c: [-0.12169150688908095, -0.11510624994769574, 0.36855364037963456]
  obj_bb: [20, 50, 150, 364]
  obj_id: 1 
116:
- cam_R_m2c: [-0.8936645329480075, 0.1906669066152523, -0.40621402397332773, 0.17793455011528417, -0.6804667044138857, -0.7108476349115834, -0.41195023780319834, -0.7075388292566575, 0.5741827293362469]
  cam_t_m2c: [-0.12169150688908095, -0.11510624994769574, 0.36855364037963456]
  obj_bb: [25, 48, 139, 363]
  obj_id: 1 
117:
- cam_R_m2c: [-0.9100658999074112, 0.1889448046272691, -0.36889011728439164, 0.14671803989494708, -0.6855445809011446, -0.7130935733593974, -0.38762594675165873, -0.7030849795020812, 0.5961691345612019]
  cam_t_m2c: [-0.12169150688908095, -0.11510624994769574, 0.36855364037963456]
  obj_bb: [24, 48, 121, 364]
  obj_id: 1 
118:
- cam_R_m2c: [-0.9180899346662834, 0.17698464803204628, -0.35466506203098985, 0.14790629926033955, -0.677180819931763, -0.7207980741897642, -0.3677425709699526, -0.7142146536423938, 0.5955357504120974]
  cam_t_m2c: [-0.12169150688908095, -0.11510624994769574, 0.36855364037963456]
  obj_bb: [26, 57, 115, 359]
  obj_id: 1 
119:
- cam_R_m2c: [-0.9254465685188343, 0.1618472812179076, -0.3425698562032288, 0.15131413276312797, -0.6710476329175941, -0.7258092776906689, -0.34735094939107003, -0.7235333661401313, 0.5965289481987155]
  cam_t_m2c: [-0.12169150688908095, -0.11510624994769574, 0.36855364037963456]
  obj_bb: [26, 71, 112, 366]
  obj_id: 1 
120:
- cam_R_m2c: [-0.9273198967707319, 0.151315071370605, -0.34231791981905063, 0.158175597525133, -0.6704864292817474, -0.7248644207688737, -0.3392024313012898, -0.7263275413510951, 0.5978210545591205]
  cam_t_m2c: [-0.12169150688908095, -0.11510624994769574, 0.36855364037963456]
  obj_bb: [22, 86, 111, 366]
  obj_id: 1 
121:
- cam_R_m2c: [-0.9267156315964121, 0.14184916568358302, -0.3479611362634464, 0.16886976785068838, -0.6700163061468283, -0.7228839125360502, -0.33568011508121426, -0.7286679378785891, 0.5969605486519505]
  cam_t_m2c: [-0.12169150688908095, -0.11510624994769574, 0.36855364037963456]
  obj_bb: [21, 95, 114, 366]
  obj_id: 1 
122:
